20	100	11	84
20	100	28	163
20	100	43	248
20	100	65	326
20	100	76	412
20	100	94	494
20	100	111	577
20	100	124	664
20	100	137	749
20	100	151	832
20	100	161	919
20	100	177	1000
20	100	188	1088
20	100	206	1168
20	100	224	1249
20	100	240	1330
20	100	246	1424
20	100	267	1501
20	100	276	1589
20	100	11	84
20	100	11	84
2	100000	56138	41518
3	100000	42784	55033
4	100000	32545	65438
5	100000	24786	73267
6	100000	18680	79481
7	100000	14255	84002
8	100000	10805	87496
9	100000	8342	89995
10	100000	6360	92003
11	100000	4835	93561
12	100000	3709	94698
13	100000	2848	95550
14	100000	2183	96222
15	100000	1656	96749
16	100000	1285	97121
17	100000	976	97431
18	100000	738	97675
19	100000	555	97845
20	100000	439	97963
